0 S root      9625  4367  9625  0    1  80   0 -  1593 unix_s   672   4 07:22 pts/1    00:00:00 grep slam
4 S root     20293 14320 20293  0   22  38   - - 208583 hrtime 27660  5 Mar03 ?        00:00:03 slam 16777471 0 1199 1 6 0 1 10757386 27534602 272639242 541074698 10757386 27534602 14951690 100000 20000  0 2 0 1 0 1 2 1
1 S root     20293 14320 20307  0   22  38   - - 208583 futex_ 27660  6 Mar03 ?        00:00:41 slam 16777471 0 1199 1 6 0 1 10757386 27534602 272639242 541074698 10757386 27534602 14951690 100000 20000  0 2 0 1 0 1 2 1
1 S root     20293 14320 20310  0   22  38   - - 208583 poll_s 27660  4 Mar03 ?        00:00:51 slam 16777471 0 1199 1 6 0 1 10757386 27534602 272639242 541074698 10757386 27534602 14951690 100000 20000  0 2 0 1 0 1 2 1
5 S root     20293 14320 20359  0   22  38   - - 208583 pipe_w 27660  4 Mar03 ?        00:00:00 slam 16777471 0 1199 1 6 0 1 10757386 27534602 272639242 541074698 10757386 27534602 14951690 100000 20000  0 2 0 1 0 1 2 1
1 S root     20293 14320 20360  0   22  38   - - 208583 poll_s 27660  5 Mar03 ?        00:01:42 slam 16777471 0 1199 1 6 0 1 10757386 27534602 272639242 541074698 10757386 27534602 14951690 100000 20000  0 2 0 1 0 1 2 1
5 S root     20293 14320 20361  0   22  37   - - 208583 compat 27660  4 Mar03 ?        00:03:40 slam 16777471 0 1199 1 6 0 1 10757386 27534602 272639242 541074698 10757386 27534602 14951690 100000 20000  0 2 0 1 0 1 2 1
1 S root     20293 14320 20362  0   22  38   - - 208583 futex_ 27660  5 Mar03 ?        00:00:07 slam 16777471 0 1199 1 6 0 1 10757386 27534602 272639242 541074698 10757386 27534602 14951690 100000 20000  0 2 0 1 0 1 2 1
5 S root     20293 14320 20363  0   22  38   - - 208583 futex_ 27660  3 Mar03 ?        00:01:58 slam 16777471 0 1199 1 6 0 1 10757386 27534602 272639242 541074698 10757386 27534602 14951690 100000 20000  0 2 0 1 0 1 2 1
1 S root     20293 14320 20364  0   22  38   - - 208583 futex_ 27660  2 Mar03 ?        00:02:07 slam 16777471 0 1199 1 6 0 1 10757386 27534602 272639242 541074698 10757386 27534602 14951690 100000 20000  0 2 0 1 0 1 2 1
1 S root     20293 14320 20365  0   22  38   - - 208583 futex_ 27660  2 Mar03 ?        00:00:12 slam 16777471 0 1199 1 6 0 1 10757386 27534602 272639242 541074698 10757386 27534602 14951690 100000 20000  0 2 0 1 0 1 2 1
1 S root     20293 14320 20366  0   22  38   - - 208583 futex_ 27660  6 Mar03 ?        00:00:48 slam 16777471 0 1199 1 6 0 1 10757386 27534602 272639242 541074698 10757386 27534602 14951690 100000 20000  0 2 0 1 0 1 2 1
1 S root     20293 14320 20367  0   22  38   - - 208583 futex_ 27660  6 Mar03 ?        00:01:09 slam 16777471 0 1199 1 6 0 1 10757386 27534602 272639242 541074698 10757386 27534602 14951690 100000 20000  0 2 0 1 0 1 2 1
1 S root     20293 14320 20368  0   22  38   - - 208583 futex_ 27660  1 Mar03 ?        00:04:29 slam 16777471 0 1199 1 6 0 1 10757386 27534602 272639242 541074698 10757386 27534602 14951690 100000 20000  0 2 0 1 0 1 2 1
1 S root     20293 14320 20369  0   22  38   - - 208583 hrtime 27660  1 Mar03 ?        00:00:12 slam 16777471 0 1199 1 6 0 1 10757386 27534602 272639242 541074698 10757386 27534602 14951690 100000 20000  0 2 0 1 0 1 2 1
1 S root     20293 14320 20370  0   22  38   - - 208583 futex_ 27660  1 Mar03 ?        00:00:00 slam 16777471 0 1199 1 6 0 1 10757386 27534602 272639242 541074698 10757386 27534602 14951690 100000 20000  0 2 0 1 0 1 2 1
1 S root     20293 14320 20371  0   22  38   - - 208583 futex_ 27660  7 Mar03 ?        00:00:00 slam 16777471 0 1199 1 6 0 1 10757386 27534602 272639242 541074698 10757386 27534602 14951690 100000 20000  0 2 0 1 0 1 2 1
1 S root     20293 14320 20372  0   22  39   - - 208583 futex_ 27660  3 Mar03 ?        00:01:28 slam 16777471 0 1199 1 6 0 1 10757386 27534602 272639242 541074698 10757386 27534602 14951690 100000 20000  0 2 0 1 0 1 2 1
1 S root     20293 14320 20373  0   22  39   - - 208583 futex_ 27660  1 Mar03 ?        00:01:15 slam 16777471 0 1199 1 6 0 1 10757386 27534602 272639242 541074698 10757386 27534602 14951690 100000 20000  0 2 0 1 0 1 2 1
1 S root     20293 14320 20374  0   22  38   - - 208583 skb_re 27660  1 Mar03 ?        00:00:00 slam 16777471 0 1199 1 6 0 1 10757386 27534602 272639242 541074698 10757386 27534602 14951690 100000 20000  0 2 0 1 0 1 2 1
1 S root     20293 14320 20375  0   22  38   - - 208583 poll_s 27660  4 Mar03 ?        00:00:01 slam 16777471 0 1199 1 6 0 1 10757386 27534602 272639242 541074698 10757386 27534602 14951690 100000 20000  0 2 0 1 0 1 2 1
1 S root     20293 14320 20376  0   22  38   - - 208583 compat 27660  1 Mar03 ?        00:04:37 slam 16777471 0 1199 1 6 0 1 10757386 27534602 272639242 541074698 10757386 27534602 14951690 100000 20000  0 2 0 1 0 1 2 1
1 S root     20293 14320 20377  0   22  38   - - 208583 futex_ 27660  2 Mar03 ?        00:00:07 slam 16777471 0 1199 1 6 0 1 10757386 27534602 272639242 541074698 10757386 27534602 14951690 100000 20000  0 2 0 1 0 1 2 1
