#put it into /sn/cr/tracedir
#1101
#1238
#1239
#1208
#1209
#1100
#1095
#1232
#1233
2896
2856
2876
1207
1208
2866
2867
2868
2869
2870
2891
2896
2841
2846
2951
2926
2961
2976
2977
2978
2981
2983
2986
2990
2956
2991
3001
3002
3003
3004
3005
3006
3007
3008
3009
3010
2921
2986
2990
2891
2892
2893
2894
2895
3012
3013
3014
3015
3016
3021
2881
2882
2883
2885
3036
3037
3038
3052
2856
2930
2838
2888
1195
1196
1197
1198
2889
2169
2164
2165
2166
2167
#2168

